1 0 2
2 1 6
3 2 9
4 3 2
5 4 2
6 5 2
7 6 6
8 7 1
9 8 9
10 9 3
11 10 9
12 11 3
13 12 2
14 13 1
15 14 6
16 15 3
17 16 2
18 17 2
19 18 1
20 19 1
21 20 2
22 21 1
23 22 6
24 23 3
25 24 1
26 25 6
27 26 9
28 27 9
29 28 9
30 29 9
31 30 6
32 31 2
33 32 6
34 33 1
35 34 3
36 35 3
37 36 2
38 37 3
39 38 6
40 39 1
41 40 2
42 41 2
43 42 3
44 43 1
45 44 9
46 45 3
47 46 3
48 47 6
49 48 3
50 49 9
51 50 9
52 51 9
53 52 2
54 53 2
55 54 1
56 55 3
57 56 3
58 57 1
59 58 2
60 59 3
61 60 9
62 61 1
63 62 1
64 63 6
65 64 1
66 65 6
67 66 6
68 67 6
69 68 1
70 69 2
71 70 1
72 71 1
73 72 9
74 73 9
75 74 6
76 75 9
77 76 2
78 77 3
79 78 9
80 79 1
81 80 3
82 81 9
83 82 9
84 83 9
85 84 9
86 85 1
87 86 2
88 87 3
89 88 6
90 89 2
91 90 2
92 91 3
93 92 1
94 93 9
95 94 6
96 95 3
97 96 1
98 97 6
99 98 3
100 99 9
